0 1
1 12
2 6
3 6
4 1
5 1
6 1
7 1
8 1
9 1
10 11
11 11
12 1
13 1
14 1
15 7
16 1
17 1
18 7
19 1
20 5
21 7
22 1
23 1
24 7
25 15
26 12
27 11
28 1
29 3
30 5
31 1
32 17
33 1
34 1
35 7
36 1
37 1
38 3
39 1
40 1
41 11
42 15
43 7
44 7
45 12
46 1
47 1
48 1
49 1
50 1
51 15
52 1
53 1
54 15
55 1
56 1
57 1
58 14
59 14
60 1
61 7
62 1
63 7
64 5
65 5
66 1
67 1
68 1
69 6
70 15
71 1
72 1
73 12
74 1
75 12
76 1
77 3
78 1
79 1
80 1
81 1
82 12
83 1
84 1
85 1
86 1
87 15
88 1
89 1
90 1
91 1
92 1
93 1
94 15
95 1
96 12
97 7
98 1
99 15
100 11
101 14
102 11
103 1
104 4
105 1
106 4
107 4
108 17
109 1
110 1
111 1
112 1
113 1
114 11
115 16
116 1
117 1
118 1
119 1
120 1
121 12
122 1
123 15
124 15
125 1
126 1
127 1
128 1
129 14
130 3
131 7
132 1
133 1
134 15
135 15
136 1
137 1
138 1
139 3
140 1
141 7
142 1
143 1
144 1
145 1
146 1
147 2
148 1
149 16
150 7
151 1
152 1
153 15
154 7
155 12
156 6
157 15
158 1
159 1
160 1
161 1
162 17
163 17
164 1
165 1
166 1
167 1
168 12
169 1
170 12
171 12
172 1
173 1
174 4
175 11
176 3
177 15
178 15
179 1
180 1
181 1
182 17
183 1
184 11
185 1
186 1
187 14
188 1
189 14
190 1
191 1
192 1
193 1
194 1
195 1
196 1
197 15
198 1
199 1
200 15
201 1
202 1
203 1
204 1
205 1
206 1
207 15
208 11
209 1
210 1
211 4
212 4
213 1
214 14
215 14
216 6
217 6
218 15
219 1
220 12
221 1
222 1
223 12
224 1
225 15
226 15
227 15
228 15
229 12
230 7
231 1
232 1
233 1
234 1
235 11
236 17
237 14
238 1
239 1
240 15
241 1
242 1
243 1
244 1
245 1
246 15
247 1
248 1
249 1
250 15
251 1
252 1
253 1
254 1
255 1
256 7
257 1
258 1
259 1
260 1
261 12
262 1
263 15
264 1
265 1
266 1
267 1
268 1
269 15
270 1
271 15
272 15
273 1
274 1
275 1
276 1
277 17
278 15
279 1
280 1
281 15
282 1
283 1
284 14
285 14
286 1
287 1
288 1
289 12
290 12
291 1
292 1
293 1
294 1
295 12
296 15
297 1
298 1
299 1
300 12
301 7
302 17
303 11
304 11
305 3
306 1
307 7
308 1
309 1
310 1
311 1
312 16
313 3
314 12
315 12
316 1
317 1
318 12
319 17
320 17
321 17
322 4
323 4
324 1
325 1
326 12
327 1
328 1
329 12
330 12
331 1
332 12
333 14
334 1
335 1
336 1
337 7
338 7
339 7
340 1
341 3
342 1
343 1
344 7
345 7
346 6
347 7
348 7
349 11
350 1
351 7
352 1
353 1
354 12
355 15
356 1
357 1
358 1
359 7
360 1
361 1
362 11
363 7
364 1
365 1
366 11
367 1
368 1
369 1
370 1
371 1
372 7
373 1
374 6
375 1
376 1
377 1
378 7
379 1
380 7
381 1
382 1
383 12
384 1
385 15
386 1
387 15
388 1
389 1
390 7
391 1
392 16
393 16
394 1
395 1
396 6
397 7
398 17
399 1
400 11
401 1
402 1
403 15
404 1
405 1
406 1
407 1
408 1
409 3
410 11
411 15
412 1
413 1
414 14
415 6
416 1
417 1
418 1
419 1
420 12
421 12
422 1
423 1
424 7
425 1
426 1
427 1
428 1
429 1
430 1
431 1
432 15
433 17
434 7
435 1
436 1
437 11
438 3
439 17
440 1
441 1
442 1
443 1
444 1
445 7
446 7
447 7
448 7
449 7
450 1
451 1
452 4
453 1
454 1
455 15
456 1
457 15
458 11
459 1
460 1
461 1
462 15
463 6
464 1
465 1
466 1
467 1
468 1
469 1
470 1
471 12
472 1
473 1
474 1
475 7
476 6
477 11
478 14
479 1
480 1
481 17
482 15
483 1
484 1
485 1
486 1
487 4
488 1
489 1
490 1
491 1
492 14
493 1
494 1
495 12
496 7
497 1
498 1
499 7
500 1
501 15
502 7
503 1
504 12
505 1
506 1
507 4
508 7
509 15
510 12
511 11
512 1
513 1
514 6
515 7
516 7
517 1
518 15
519 15
520 12
521 7
522 15
523 1
524 1
525 15
526 1
527 1
528 1
529 12
530 17
531 1
532 1
533 11
534 1
535 1
536 1
537 1
538 7
539 1
540 1
541 12
542 15
543 1
544 1
545 15
546 1
547 12
548 1
549 11
550 1
551 1
552 1
553 1
554 3
555 11
556 15
557 15
558 15
559 1
560 14
561 1
562 14
563 1
564 14
565 7
566 4
567 3
568 12
569 1
570 1
571 15
572 12
573 12
574 1
575 1
576 1
577 14
578 14
579 1
580 6
581 11
582 1
583 1
584 1
585 6
586 6
587 14
588 1
589 1
590 1
591 1
592 1
593 15
594 1
595 15
596 12
597 12
598 1
599 1
600 3
601 1
602 1
603 15
604 12
605 11
606 1
607 1
608 1
609 1
610 1
611 14
612 12
613 1
614 1
615 1
616 1
617 1
618 1
619 1
620 1
621 1
622 12
623 7
624 7
625 12
626 12
627 1
628 11
629 11
630 3
631 14
632 1
633 1
634 1
635 1
636 11
637 6
638 1
639 1
640 1
641 1
642 1
643 4
644 1
645 1
646 7
647 7
648 1
649 11
650 1
651 1
652 6
653 7
654 11
655 1
656 1
657 1
658 6
659 1
660 15
661 12
662 14
663 1
664 7
665 7
666 1
667 15
668 15
669 1
670 7
671 6
672 7
673 1
674 12
675 1
676 17
677 6
678 7
679 14
680 1
681 17
682 14
683 6
684 4
685 1
686 1
687 1
688 1
689 17
690 1
691 1
692 17
693 17
694 14
695 1
696 1
697 1
698 1
699 17
700 1
701 1
702 1
703 1
704 15
705 1
706 1
707 11
708 1
709 17
710 1
711 15
712 6
713 14
714 1
715 1
716 1
717 1
718 1
719 16
720 1
721 16
722 3
723 7
724 1
725 1
726 12
727 1
728 1
729 17
730 15
731 12
732 1
733 1
734 15
735 1
736 1
737 7
738 12
739 15
740 1
741 15
742 1
743 15
744 1
745 1
746 1
747 16
748 3
749 1
750 1
751 6
752 1
753 7
754 12
755 12
756 1
757 1
758 1
759 1
760 15
761 1
762 1
763 1
764 7
765 1
766 6
767 3
768 1
769 6
770 15
771 4
772 15
773 3
774 1
775 11
776 11
777 15
778 1
779 15
780 1
781 1
782 15
783 11
784 1
785 14
786 15
787 7
788 1
789 12
790 1
791 12
792 7
793 15
794 1
795 3
796 15
797 7
798 12
799 1
800 1
801 15
802 1
803 7
804 7
805 1
806 4
807 7
808 1
809 1
810 1
811 6
812 1
813 1
814 3
815 1
816 4
817 1
818 1
819 1
820 1
821 14
822 1
823 1
824 12
825 4
826 1
827 7
828 1
829 1
830 1
831 7
832 12
833 1
834 1
835 1
836 12
837 12
838 1
839 12
840 1
841 1
842 1
843 1
844 12
845 1
846 1
847 1
848 11
849 1
850 1
851 1
852 12
853 1
854 12
855 7
856 1
857 14
858 12
859 1
860 1
861 1
862 14
863 11
864 1
865 7
866 17
867 1
868 1
869 3
870 1
871 12
872 1
873 1
874 15
875 15
876 6
877 1
878 12
879 1
880 1
881 1
882 1
883 1
884 15
885 3
886 1
887 7
888 1
889 1
890 7
891 12
892 1
893 1
894 1
895 1
896 1
897 12
898 1
899 10
900 14
901 3
902 3
903 1
904 1
905 1
906 1
907 15
908 1
909 1
910 1
911 12
912 1
913 1
914 12
915 15
916 3
917 7
918 1
919 7
920 11
921 15
922 1
923 16
924 7
925 1
926 1
927 7
928 7
929 17
930 15
931 15
932 14
933 1
934 11
935 15
936 12
937 15
938 1
939 15
940 15
941 7
942 1
943 15
944 15
945 1
946 12
947 15
948 6
949 15
950 1
951 1
952 7
953 1
954 12
955 1
956 1
957 16
958 1
959 11
960 1
961 1
962 15
963 12
964 1
965 1
966 1
967 1
968 11
969 1
970 1
971 12
972 1
973 12
974 1
975 1
976 1
977 1
978 12
979 12
980 1
981 7
982 3
983 1
984 11
985 15
986 1
987 3
988 1
989 1
990 1
991 3
992 12
993 15
994 15
995 1
996 1
997 1
998 1
999 1
1000 14
1001 1
1002 1
1003 3
1004 1
1005 15
1006 1
1007 1
1008 1
1009 1
1010 15
1011 3
1012 1
1013 1
1014 1
1015 6
1016 4
1017 1
1018 12
1019 1
1020 5
1021 1
1022 16
1023 1
1024 1
1025 7
1026 15
1027 1
1028 1
1029 1
1030 1
1031 1
1032 15
1033 3
1034 15
1035 11
1036 15
1037 15
1038 1
1039 15
1040 1
1041 1
1042 7
1043 1
1044 1
1045 1
1046 7
1047 1
1048 4
1049 1
1050 17
1051 1
1052 1
1053 14
1054 1
1055 1
1056 1
1057 1
1058 11
1059 12
1060 1
1061 1
1062 11
1063 1
1064 1
1065 1
1066 3
1067 12
1068 17
1069 15
1070 4
1071 1
1072 15
1073 1
1074 12
1075 12
1076 4
1077 12
1078 1
1079 1
1080 1
1081 1
1082 1
1083 1
1084 15
1085 1
1086 12
1087 1
1088 1
1089 1
1090 6
1091 7
1092 12
1093 1
1094 15
1095 15
1096 12
1097 12
1098 15
1099 1
1100 3
1101 6
1102 14
1103 11
1104 7
1105 7
1106 1
1107 1
1108 1
1109 1
1110 7
1111 15
1112 11
1113 1
1114 14
1115 1
1116 1
1117 1
1118 1
1119 1
1120 1
1121 1
1122 15
1123 7
1124 11
1125 1
1126 5
1127 7
1128 1
1129 1
1130 1
1131 6
1132 1
1133 1
1134 1
1135 7
1136 1
1137 1
1138 12
1139 14
1140 1
1141 15
1142 1
1143 1
1144 1
1145 1
1146 1
1147 1
1148 1
1149 12
1150 1
1151 1
1152 15
1153 5
1154 14
1155 1
1156 1
1157 16
1158 1
1159 15
1160 15
1161 1
1162 11
1163 1
1164 1
1165 1
1166 1
1167 15
1168 15
1169 7
1170 12
1171 12
1172 12
1173 11
1174 1
1175 1
1176 3
1177 12
1178 4
1179 1
1180 1
1181 1
1182 1
1183 1
1184 15
1185 1
1186 17
1187 1
1188 1
1189 1
1190 1
1191 14
1192 1
1193 1
1194 1
1195 1
1196 12
1197 14
1198 12
1199 12
1200 11
1201 7
1202 1
1203 6
1204 1
1205 15
1206 15
1207 1
1208 1
1209 1
1210 7
1211 12
1212 7
1213 7
1214 11
1215 4
1216 1
1217 3
1218 1
1219 1
1220 5
1221 1
1222 1
1223 16
1224 7
1225 1
1226 1
1227 1
1228 1
1229 1
1230 1
1231 15
1232 15
1233 1
1234 7
1235 17
1236 11
1237 1
1238 7
1239 6
1240 12
1241 1
1242 1
1243 14
1244 15
1245 11
1246 12
1247 12
1248 14
1249 14
1250 1
1251 1
1252 16
1253 1
1254 1
1255 1
1256 1
1257 1
1258 6
1259 1
1260 12
1261 5
1262 12
1263 7
1264 1
1265 7
1266 7
1267 12
1268 4
1269 1
1270 1
1271 1
1272 1
1273 12
1274 1
1275 1
1276 3
1277 11
1278 1
1279 7
1280 3
1281 12
1282 6
1283 1
1284 10
1285 1
1286 1
1287 3
1288 1
1289 5
1290 6
1291 11
1292 1
1293 1
1294 5
1295 14
1296 1
1297 1
1298 1
1299 12
1300 1
1301 1
1302 15
1303 0
1304 1
1305 16
1306 1
1307 14
1308 11
1309 3
1310 11
1311 15
1312 1
1313 7
1314 7
1315 1
1316 1
1317 1
1318 1
1319 1
1320 1
1321 1
1322 11
1323 1
1324 1
1325 1
1326 1
1327 14
1328 6
1329 5
1330 1
1331 7
1332 12
1333 1
1334 12
1335 12
1336 6
1337 1
1338 1
1339 15
1340 4
1341 14
1342 1
1343 1
1344 1
1345 15
1346 7
1347 7
1348 1
1349 1
1350 14
1351 6
1352 12
1353 11
1354 1
1355 12
1356 15
1357 11
1358 6
1359 1
1360 4
1361 6
1362 1
1363 7
1364 7
1365 1
1366 1
1367 11
1368 1
1369 1
1370 15
1371 1
1372 14
1373 1
1374 11
1375 7
1376 1
1377 0
1378 7
1379 0
1380 0
1381 1
1382 15
1383 11
1384 14
1385 1
1386 1
1387 15
1388 1
1389 1
1390 1
1391 9
1392 1
1393 1
1394 12
1395 1
1396 15
1397 6
1398 1
1399 15
1400 1
1401 11
1402 1
1403 15
1404 15
1405 14
1406 12
1407 1
1408 14
1409 4
1410 1
1411 0
1412 6
1413 15
1414 1
1415 1
1416 6
1417 1
1418 14
1419 1
1420 4
1421 1
1422 1
1423 15
1424 1
1425 2
1426 1
1427 11
1428 1
1429 7
1430 1
1431 12
1432 1
1433 17
1434 1
1435 1
1436 1
1437 1
1438 1
1439 15
1440 1
1441 1
1442 1
1443 1
1444 3
1445 11
1446 1
1447 7
1448 1
1449 1
1450 3
1451 17
1452 1
1453 1
1454 1
1455 1
1456 7
1457 1
1458 12
1459 1
1460 1
1461 14
1462 7
1463 6
1464 1
1465 1
1466 17
1467 1
1468 1
1469 3
1470 11
1471 1
1472 15
1473 14
1474 1
1475 17
1476 1
1477 15
1478 1
1479 1
1480 14
1481 1
1482 11
1483 11
1484 12
1485 1
1486 11
1487 1
1488 1
1489 1
1490 1
1491 11
1492 15
1493 1
1494 3
1495 1
1496 15
1497 11
1498 1
1499 11
1500 1
1501 1
1502 1
1503 1
1504 7
1505 4
1506 1
1507 11
1508 1
1509 15
1510 4
1511 1
1512 15
1513 4
1514 1
1515 1
1516 5
1517 7
1518 1
1519 1
1520 7
1521 1
1522 14
1523 11
1524 5
1525 1
1526 1
1527 17
1528 1
1529 11
1530 12
1531 15
1532 1
1533 11
1534 1
1535 1
1536 1
1537 11
1538 6
1539 12
1540 16
1541 15
1542 7
1543 1
1544 1
1545 1
1546 6
1547 0
1548 1
1549 6
1550 14
1551 1
1552 1
1553 7
1554 1
1555 1
1556 1
1557 1
1558 1
1559 11
1560 1
1561 1
1562 1
1563 1
1564 5
1565 1
1566 1
1567 1
1568 1
1569 5
1570 12
1571 1
1572 6
1573 15
1574 1
1575 1
1576 1
1577 15
1578 14
1579 1
1580 6
1581 1
1582 7
1583 15
1584 7
1585 15
1586 1
1587 1
1588 1
1589 1
1590 1
1591 1
1592 7
1593 14
1594 15
1595 1
1596 15
1597 11
1598 5
1599 12
1600 7
1601 3
1602 1
1603 1
1604 11
1605 7
1606 1
1607 11
1608 1
1609 11
1610 11
1611 12
1612 15
1613 1
1614 1
1615 1
1616 1
1617 1
1618 1
1619 1
1620 1
1621 1
1622 15
1623 15
1624 15
1625 1
1626 1
1627 12
1628 7
1629 1
1630 11
1631 11
1632 1
1633 3
1634 15
1635 11
1636 1
1637 1
1638 1
1639 1
1640 14
1641 1
1642 1
1643 11
1644 1
1645 7
1646 7
1647 11
1648 14
1649 1
1650 15
1651 11
1652 15
1653 15
1654 15
1655 11
1656 1
1657 1
1658 1
1659 1
1660 4
1661 1
1662 1
1663 11
1664 1
1665 1
1666 1
1667 1
1668 17
1669 15
1670 17
1671 1
1672 1
1673 7
1674 11
1675 11
1676 1
1677 1
1678 1
1679 1
1680 1
1681 7
1682 1
1683 1
1684 1
1685 1
1686 15
1687 1
1688 17
1689 5
1690 1
1691 1
1692 5
1693 5
1694 6
1695 14
1696 1
1697 1
1698 1
1699 15
1700 1
1701 15
1702 1
1703 12
1704 11
1705 14
1706 14
1707 14
1708 11
1709 1
1710 1
1711 1
1712 1
1713 1
1714 1
1715 1
1716 1
1717 7
1718 1
1719 1
1720 12
1721 1
1722 1
1723 11
1724 1
1725 1
1726 1
1727 1
1728 1
1729 4
1730 11
1731 1
1732 1
1733 14
1734 1
1735 15
1736 14
1737 1
1738 15
1739 1
1740 11
1741 1
1742 1
1743 1
1744 1
1745 11
1746 12
1747 14
1748 5
1749 1
1750 1
1751 15
1752 12
1753 1
1754 1
1755 7
1756 1
1757 1
1758 15
1759 1
1760 7
1761 1
1762 4
1763 1
1764 1
1765 1
1766 1
1767 10
1768 1
1769 1
1770 12
1771 1
1772 1
1773 1
1774 1
1775 1
1776 1
1777 1
1778 2
1779 15
1780 1
1781 15
1782 11
1783 6
1784 15
1785 2
1786 11
1787 11
1788 1
1789 14
1790 1
1791 1
1792 7
1793 1
1794 15
1795 1
1796 14
1797 1
1798 1
1799 12
1800 16
1801 10
1802 15
1803 1
1804 12
1805 1
1806 14
1807 1
1808 1
1809 7
1810 11
1811 15
1812 15
1813 1
1814 1
1815 11
1816 1
1817 1
1818 1
1819 1
1820 1
1821 1
1822 1
1823 1
1824 1
1825 1
1826 1
1827 1
1828 12
1829 1
1830 15
1831 1
1832 1
1833 1
1834 1
1835 1
1836 1
1837 1
1838 6
1839 15
1840 15
1841 1
1842 1
1843 3
1844 3
1845 1
1846 15
1847 11
1848 1
1849 1
1850 12
1851 1
1852 16
1853 7
1854 11
1855 11
1856 1
1857 12
1858 14
1859 1
1860 11
1861 1
1862 1
1863 15
1864 11
1865 1
1866 1
1867 1
1868 16
1869 1
1870 14
1871 1
1872 1
1873 1
1874 1
1875 15
1876 15
1877 11
1878 6
1879 3
1880 1
1881 12
1882 1
1883 1
1884 15
1885 11
1886 1
1887 1
1888 11
1889 1
1890 12
1891 1
1892 1
1893 1
1894 1
1895 15
1896 7
1897 1
1898 3
1899 11
1900 15
1901 12
1902 11
1903 3
1904 12
1905 11
1906 1
1907 1
1908 1
1909 1
1910 1
1911 1
1912 1
1913 1
1914 1
1915 11
1916 5
1917 3
1918 1
1919 1
1920 1
1921 1
1922 1
1923 1
1924 1
1925 1
1926 11
1927 5
1928 1
1929 6
1930 15
1931 12
1932 7
1933 1
1934 11
1935 1
1936 1
1937 1
1938 1
1939 1
1940 15
1941 15
1942 15
1943 1
1944 7
1945 1
1946 7
1947 15
1948 5
1949 1
1950 11
1951 1
1952 12
1953 1
1954 6
1955 1
1956 1
1957 12
1958 7
1959 1
1960 5
1961 1
1962 1
1963 11
1964 1
1965 15
1966 1
1967 1
1968 11
1969 1
1970 1
1971 15
1972 1
1973 1
1974 1
1975 11
1976 1
1977 1
1978 15
1979 1
1980 12
1981 1
1982 1
1983 1
1984 1
1985 1
1986 1
1987 14
1988 1
1989 1
1990 11
1991 17
1992 1
1993 1
1994 11
1995 7
1996 1
1997 11
1998 1
1999 1
2000 11
2001 15
2002 1
2003 12
2004 1
2005 17
2006 11
2007 12
2008 1
2009 12
2010 12
2011 7
2012 3
2013 6
2014 4
2015 1
2016 7
2017 1
2018 12
2019 1
2020 17
2021 15
2022 1
2023 5
2024 6
2025 12
2026 1
2027 1
2028 1
2029 11
2030 15
2031 15
2032 15
2033 15
2034 1
2035 17
2036 6
2037 14
2038 1
2039 1
2040 4
2041 1
2042 5
2043 15
2044 6
2045 1
2046 12
2047 12
2048 1
2049 1
2050 11
2051 15
2052 15
2053 14
2054 15
2055 17
2056 1
2057 1
2058 1
2059 1
2060 1
2061 7
2062 4
2063 3
2064 12
2065 12
2066 11
2067 1
2068 1
2069 6
2070 1
2071 11
2072 1
2073 7
2074 1
2075 15
2076 7
2077 15
2078 7
2079 15
2080 11
2081 7
2082 7
2083 11
2084 11
2085 5
2086 1
2087 1
2088 12
2089 1
2090 15
2091 15
2092 7
2093 1
2094 15
2095 1
2096 1
2097 7
2098 15
2099 4
2100 12
2101 11
2102 12
2103 7
2104 11
2105 1
2106 3
2107 11
2108 4
2109 1
2110 16
2111 6
2112 15
2113 15
2114 12
2115 1
2116 3
2117 1
2118 1
2119 15
2120 3
2121 15
2122 1
2123 14
2124 7
2125 1
2126 15
2127 1
2128 1
2129 1
2130 12
2131 1
2132 15
2133 7
2134 1
2135 1
2136 15
2137 15
2138 1
2139 12
2140 15
2141 1
2142 1
2143 1
2144 14
2145 15
2146 15
2147 1
2148 5
2149 15
2150 7
2151 1
2152 11
2153 3
2154 1
2155 1
2156 11
2157 17
2158 1
2159 15
2160 7
2161 1
2162 1
2163 1
2164 1
2165 1
2166 1
2167 1
2168 1
2169 11
2170 11
2171 15
2172 17
2173 1
2174 11
2175 17
2176 1
2177 1
2178 11
2179 1
2180 12
2181 1
2182 1
2183 1
2184 1
2185 1
2186 11
2187 1
2188 1
2189 7
2190 5
2191 1
2192 3
2193 15
2194 1
2195 12
2196 1
2197 11
2198 12
2199 7
2200 1
2201 1
2202 3
2203 1
2204 1
2205 1
2206 5
2207 1
2208 7
2209 1
2210 7
2211 1
2212 1
2213 12
2214 11
2215 3
2216 1
2217 4
2218 12
2219 15
2220 1
2221 14
2222 11
2223 16
2224 1
2225 15
2226 1
2227 1
2228 1
2229 1
2230 1
2231 6
2232 1
2233 4
2234 1
2235 15
2236 6
2237 11
2238 15
2239 1
2240 11
2241 12
2242 11
2243 14
2244 1
2245 1
2246 3
2247 14
2248 14
2249 1
2250 15
2251 1
2252 3
2253 11
2254 7
2255 1
2256 1
2257 14
2258 1
2259 1
2260 5
2261 1
2262 12
2263 12
2264 1
2265 1
2266 11
2267 1
2268 1
2269 16
2270 14
2271 1
2272 15
2273 1
2274 3
2275 11
2276 1
2277 15
2278 15
2279 15
2280 1
2281 1
2282 1
2283 1
2284 1
2285 1
2286 14
2287 1
2288 14
2289 3
2290 1
2291 15
2292 9
2293 1
2294 1
2295 3
2296 12
2297 12
2298 1
2299 15
2300 1
2301 1
2302 1
2303 1
2304 5
2305 5
2306 1
2307 11
2308 1
2309 17
2310 6
2311 7
2312 7
2313 1
2314 12
2315 3
2316 11
2317 14
2318 1
2319 11
2320 15
2321 12
2322 1
2323 11
2324 1
2325 15
2326 11
2327 1
2328 7
2329 12
2330 12
2331 7
2332 1
2333 7
2334 7
2335 1
2336 11
2337 1
2338 11
2339 1
2340 11
2341 1
2342 1
2343 11
2344 12
2345 7
2346 1
2347 15
2348 15
2349 12
2350 1
2351 7
2352 1
2353 1
2354 3
2355 12
2356 15
2357 1
2358 1
2359 11
2360 11
2361 14
2362 1
2363 1
2364 4
2365 1
2366 1
2367 3
2368 11
2369 15
2370 7
2371 11
2372 3
2373 1
2374 1
2375 1
2376 1
2377 14
2378 15
2379 1
2380 15
2381 15
2382 14
2383 1
2384 11
2385 11
2386 11
2387 15
2388 1
2389 1
2390 5
2391 1
2392 15
2393 5
2394 1
2395 1
2396 1
2397 1
2398 12
2399 1
2400 11
2401 3
2402 1
2403 15
2404 1
2405 7
2406 1
2407 11
2408 12
2409 3
2410 1
2411 1
2412 15
2413 1
2414 11
2415 15
2416 12
2417 15
2418 7
2419 1
2420 1
2421 15
2422 1
2423 11
2424 1
2425 1
2426 1
2427 12
2428 7
2429 1
2430 12
2431 12
2432 15
2433 1
2434 3
2435 11
2436 11
2437 1
2438 4
2439 15
2440 1
2441 1
2442 1
2443 1
2444 11
2445 1
2446 15
2447 7
2448 15
2449 1
2450 11
2451 15
2452 1
2453 14
2454 1
2455 1
2456 1
2457 11
2458 1
2459 1
2460 1
2461 1
2462 11
2463 11
2464 15
2465 1
2466 1
2467 5
2468 9
2469 12
2470 11
2471 11
2472 7
2473 6
2474 1
2475 1
2476 15
2477 1
2478 1
2479 1
2480 1
2481 11
2482 15
2483 11
2484 1
2485 12
2486 15
2487 11
2488 12
2489 15
2490 7
2491 1
2492 15
2493 1
2494 1
2495 11
2496 11
2497 1
2498 7
2499 1
2500 1
2501 1
2502 15
2503 1
2504 1
2505 1
2506 11
2507 1
2508 7
2509 7
2510 11
2511 15
2512 11
2513 1
2514 1
2515 7
2516 15
2517 1
2518 5
2519 3
2520 11
2521 5
2522 1
2523 11
2524 14
2525 14
2526 1
2527 7
2528 7
2529 14
2530 7
2531 12
2532 12
2533 11
2534 11
2535 1
2536 14
2537 1
2538 11
2539 1
2540 11
2541 11
2542 7
2543 1
2544 3
2545 1
2546 11
2547 6
2548 1
2549 1
2550 1
2551 11
2552 5
2553 17
2554 5
2555 6
2556 1
2557 3
2558 11
2559 14
2560 11
2561 7
2562 16
2563 1
2564 1
2565 14
2566 7
2567 11
2568 11
2569 11
2570 1
2571 12
2572 7
2573 3
2574 3
2575 1
2576 14
2577 1
2578 11
2579 11
2580 1
2581 1
2582 6
2583 12
2584 3
2585 1
2586 1
2587 1
2588 1
2589 1
2590 1
2591 11
2592 7
2593 11
2594 1
2595 1
2596 1
2597 1
2598 1
2599 1
2600 1
2601 11
2602 1
2603 1
2604 7
2605 17
2606 7
2607 11
2608 1
2609 11
2610 17
2611 7
2612 14
2613 3
2614 12
2615 1
2616 15
2617 3
2618 6
2619 11
2620 1
2621 1
2622 3
2623 15
2624 4
2625 1
2626 7
2627 11
2628 1
2629 3
2630 15
2631 15
2632 15
2633 3
2634 7
2635 1
2636 1
2637 1
2638 15
2639 3
2640 1
2641 1
2642 11
2643 16
2644 14
2645 4
2646 1
2647 1
2648 1
2649 1
2650 17
2651 1
2652 14
2653 1
2654 17
2655 1
2656 11
2657 1
2658 1
2659 1
2660 15
2661 12
2662 1
2663 7
2664 1
2665 11
2666 12
2667 14
2668 12
2669 1
2670 7
2671 17
2672 1
2673 15
2674 1
2675 17
2676 7
2677 1
2678 1
2679 1
2680 1
2681 1
2682 1
2683 1
2684 1
2685 1
2686 11
2687 15
2688 11
2689 1
2690 1
2691 14
2692 7
2693 14
2694 1
2695 1
2696 17
2697 15
2698 17
2699 1
2700 12
2701 12
2702 1
2703 1
2704 1
2705 12
2706 14
2707 7
2708 7
2709 7
2710 11
2711 1
2712 1
2713 1
2714 1
2715 7
2716 12
2717 14
2718 11
2719 1
2720 17
2721 1
2722 1
2723 15
2724 15
2725 11
2726 7
2727 15
2728 11
2729 15
2730 4
2731 6
2732 6
2733 14
2734 1
2735 1
2736 1
2737 1
2738 15
2739 14
2740 15
2741 15
2742 15
2743 14
2744 15
2745 1
2746 1
2747 1
2748 7
2749 1
2750 15
2751 1
2752 1
2753 1
2754 1
2755 1
2756 14
2757 5
2758 9
2759 1
2760 1
2761 14
2762 15
2763 3
2764 7
2765 15
2766 12
2767 15
2768 15
2769 6
2770 7
2771 1
2772 12
2773 11
2774 11
2775 12
2776 11
2777 3
2778 1
2779 1
2780 1
2781 1
2782 1
2783 15
2784 1
2785 6
2786 15
2787 11
2788 3
2789 11
2790 1
2791 1
2792 14
2793 12
2794 1
2795 1
2796 15
2797 1
2798 3
2799 3
2800 3
2801 1
2802 10
2803 1
2804 1
2805 1
2806 12
2807 1
2808 1
2809 11
2810 1
2811 1
2812 15
2813 6
2814 1
2815 11
2816 4
2817 11
2818 12
2819 1
2820 15
2821 15
2822 1
2823 1
2824 3
2825 6
2826 1
2827 1
2828 1
2829 1
2830 12
2831 3
2832 12
2833 15
2834 1
2835 1
2836 1
2837 15
2838 1
2839 7
2840 1
2841 1
2842 1
2843 15
2844 1
2845 1
2846 1
2847 15
2848 1
2849 1
2850 1
2851 1
2852 1
2853 1
2854 1
2855 1
2856 1
2857 15
2858 11
2859 14
2860 1
2861 11
2862 1
2863 4
2864 1
2865 1
2866 1
2867 1
2868 1
2869 15
2870 1
2871 12
2872 1
2873 1
2874 1
2875 1
2876 3
2877 14
2878 15
2879 1
2880 1
2881 1
2882 1
2883 15
2884 3
2885 18
2886 1
2887 1
2888 11
2889 12
2890 1
2891 1
2892 1
2893 11
2894 11
2895 1
2896 1
2897 11
2898 14
2899 15
2900 12
2901 1
2902 14
2903 5
2904 11
2905 1
2906 1
2907 15
2908 1
2909 10
2910 1
2911 1
2912 15
2913 1
2914 7
2915 1
2916 1
2917 1
2918 1
2919 1
2920 11
2921 4
2922 1
2923 15
2924 11
2925 6
2926 1
2927 11
2928 3
2929 1
2930 16
2931 1
2932 7
2933 10
2934 12
2935 15
2936 1
2937 15
2938 7
2939 11
2940 1
2941 14
2942 12
2943 1
2944 15
2945 3
2946 15
2947 1
2948 1
2949 15
2950 1
2951 15
2952 1
2953 1
2954 1
2955 3
2956 1
2957 1
2958 1
2959 1
2960 3
2961 3
2962 1
2963 5
2964 1
2965 1
2966 12
2967 1
2968 12
2969 11
2970 15
2971 15
2972 11
2973 4
2974 1
2975 11
2976 1
2977 5
2978 17
2979 1
2980 1
2981 15
2982 12
2983 11
2984 1
2985 1
2986 7
2987 11
2988 11
2989 15
2990 14
2991 1
2992 15
2993 1
2994 11
2995 3
2996 1
2997 12
2998 1
2999 11
3000 12
3001 1
3002 5
3003 1
3004 7
3005 10
3006 1
3007 1
3008 1
3009 11
3010 11
3011 12
3012 15
3013 11
3014 11
3015 14
3016 1
3017 1
3018 1
3019 1
3020 15
3021 1
3022 3
3023 1
3024 1
3025 7
3026 11
3027 1
3028 1
3029 15
3030 1
3031 15
3032 1
3033 1
3034 1
3035 1
3036 4
3037 1
3038 1
3039 7
3040 17
3041 3
3042 1
3043 12
3044 3
3045 6
3046 1
3047 3
3048 11
3049 15
3050 15
3051 1
3052 15
3053 1
3054 15
3055 7
3056 5
3057 1
3058 12
3059 1
3060 12
3061 11
3062 11
3063 1
3064 12
3065 11
3066 17
3067 1
3068 12
3069 1
3070 12
3071 11
3072 1
3073 1
3074 1
3075 7
3076 14
3077 1
3078 15
3079 3
3080 7
3081 1
3082 15
3083 1
3084 1
3085 11
3086 4
3087 1
3088 15
3089 3
3090 12
3091 1
3092 17
3093 1
3094 1
3095 1
3096 5
3097 6
3098 1
3099 1
3100 15
3101 15
3102 1
3103 1
3104 11
3105 11
3106 11
3107 3
3108 1
3109 11
3110 11
3111 12
3112 15
3113 1
3114 1
3115 1
3116 1
3117 1
3118 11
3119 15
3120 15
3121 11
3122 1
3123 1
3124 1
3125 12
3126 15
3127 1
3128 1
3129 7
3130 1
3131 15
3132 1
3133 3
3134 1
3135 1
3136 15
3137 15
3138 11
3139 1
3140 7
3141 15
3142 16
3143 15
3144 7
3145 1
3146 1
3147 1
3148 1
3149 11
3150 15
3151 7
3152 1
3153 11
3154 1
3155 11
3156 3
3157 1
3158 15
3159 11
3160 1
3161 12
3162 11
3163 15
3164 3
3165 1
3166 11
3167 1
3168 4
3169 1
3170 14
3171 1
3172 1
3173 1
3174 14
3175 12
3176 3
3177 1
3178 1
3179 2
3180 1
3181 1
3182 1
3183 7
3184 6
3185 15
3186 15
3187 15
3188 7
3189 15
3190 15
3191 2
3192 11
3193 1
3194 18
3195 1
3196 1
3197 12
3198 1
3199 1
3200 1
3201 11
3202 11
3203 15
3204 1
3205 17
3206 1
3207 11
3208 11
3209 15
3210 11
3211 11
3212 15
3213 7
3214 1
3215 15
3216 15
3217 1
3218 11
3219 11
3220 15
3221 1
3222 1
3223 11
3224 1
3225 1
3226 7
3227 11
3228 14
3229 7
3230 3
3231 1
3232 15
3233 15
3234 15
3235 1
3236 12
3237 16
3238 1
3239 15
3240 1
3241 14
3242 1
3243 15
3244 6
3245 12
3246 1
3247 11
3248 11
3249 15
3250 3
3251 15
3252 4
3253 1
3254 1
3255 14
3256 11
3257 12
3258 1
3259 15
3260 3
3261 14
3262 1
3263 15
3264 15
3265 6
3266 1
3267 15
3268 18
3269 14
3270 11
3271 14
3272 11
3273 11
3274 4
3275 1
3276 11
3277 11
3278 1
3279 18
3280 1
3281 11
3282 1
3283 15
3284 15
3285 15
3286 11
3287 1
3288 7
3289 1
3290 15
3291 12
3292 17
3293 3
3294 14
3295 1
3296 11
3297 14
3298 14
3299 18
3300 7
3301 3
3302 15
3303 1
3304 11
3305 1
3306 1
3307 5
3308 1
3309 15
3310 15
3311 15
3312 15
3313 11
3314 1
3315 6
3316 3
3317 11
3318 1
3319 15
3320 11
3321 1
3322 1
3323 6
3324 6
3325 15
3326 17
3327 12
3328 11
3329 3
3330 1
3331 11
3332 15
3333 1
3334 15
3335 1
3336 1
3337 1
3338 15
3339 1
3340 1
3341 5
3342 15
3343 7
3344 1
3345 14
3346 11
3347 15
3348 1
3349 1
3350 1
3351 1
3352 1
3353 1
3354 1
3355 7
3356 7
3357 16
3358 15
3359 1
3360 7
3361 7
3362 6
3363 16
3364 14
3365 15
3366 1
3367 1
3368 1
3369 8
3370 1
3371 10
3372 15
3373 12
3374 1
3375 12
3376 14
3377 14
3378 11
3379 1
3380 1
3381 12
3382 1
3383 7
3384 1
3385 15
3386 15
3387 1
3388 12
3389 1
3390 4
3391 12
3392 1
3393 5
3394 15
3395 7
3396 12
3397 15
3398 1
3399 15
3400 12
3401 12
3402 11
3403 1
3404 1
3405 12
3406 1
3407 1
3408 7
3409 1
3410 15
3411 1
3412 7
3413 1
3414 1
3415 15
3416 5
3417 3
3418 1
3419 11
3420 1
3421 15
3422 7
3423 15
3424 14
3425 15
3426 1
3427 1
3428 4
3429 1
3430 1
3431 10
3432 15
3433 5
3434 1
3435 1
3436 11
3437 15
3438 3
3439 4
3440 15
3441 1
3442 15
3443 1
3444 12
3445 12
3446 4
3447 1
3448 15
3449 1
3450 1
3451 6
3452 11
3453 11
3454 15
3455 12
3456 1
3457 7
3458 15
3459 7
3460 1
3461 15
3462 6
3463 1
3464 15
3465 12
3466 10
3467 17
3468 11
3469 11
3470 16
3471 6
3472 15
3473 1
3474 11
3475 7
3476 10
3477 15
3478 1
3479 7
3480 12
3481 1
3482 1
3483 1
3484 1
3485 1
3486 1
3487 15
3488 1
3489 15
3490 14
3491 12
3492 7
3493 7
3494 3
3495 1
3496 15
3497 1
3498 12
3499 15
3500 10
3501 12
3502 16
3503 14
3504 15
3505 15
3506 1
3507 1
3508 15
3509 6
3510 1
3511 1
3512 1
3513 5
3514 15
3515 1
3516 11
3517 1
3518 12
3519 1
3520 5
3521 14
3522 15
3523 1
3524 15
3525 15
3526 1
3527 1
3528 1
3529 11
3530 1
3531 1
3532 11
3533 15
3534 11
3535 15
3536 15
3537 1
3538 3
3539 1
3540 12
3541 11
3542 1
3543 15
3544 12
3545 15
3546 1
3547 1
3548 15
3549 1
3550 5
3551 15
3552 1
3553 11
3554 5
3555 11
3556 1
3557 1
3558 1
3559 1
3560 10
3561 11
3562 1
3563 11
3564 1
3565 18
3566 15
3567 15
3568 15
3569 15
3570 1
3571 14
3572 1
3573 1
3574 4
3575 12
3576 11
3577 15
3578 15
3579 7
3580 14
3581 14
3582 1
3583 1
3584 1
3585 1
3586 1
3587 1
3588 1
3589 11
3590 1
3591 11
3592 1
3593 7
3594 4
3595 11
3596 1
3597 15
3598 11
3599 11
3600 14
3601 1
3602 6
3603 1
3604 15
3605 3
3606 1
3607 6
3608 1
3609 6
3610 1
3611 12
3612 1
3613 1
3614 15
3615 15
3616 1
3617 7
3618 16
3619 12
3620 14
3621 3
3622 1
3623 1
3624 7
3625 17
3626 12
3627 11
3628 1
3629 17
3630 15
3631 12
3632 7
3633 15
3634 7
3635 17
3636 1
3637 1
3638 7
3639 15
3640 15
3641 3
3642 11
3643 7
3644 15
3645 17
3646 3
3647 14
3648 12
3649 15
3650 10
3651 1
3652 14
3653 1
3654 15
3655 15
3656 5
3657 7
3658 1
3659 3
3660 15
3661 1
3662 1
3663 11
3664 14
3665 3
3666 1
3667 1
3668 3
3669 11
3670 1
3671 3
3672 15
3673 3
3674 14
3675 1
3676 15
3677 3
3678 1
3679 12
3680 11
3681 12
3682 15
3683 11
3684 1
3685 1
3686 1
3687 1
3688 7
3689 18
3690 7
3691 1
3692 5
3693 10
3694 7
3695 7
3696 1
3697 11
3698 3
3699 1
3700 1
3701 17
3702 14
3703 1
3704 1
3705 6
3706 1
3707 14
3708 13
3709 14
3710 1
3711 15
3712 5
3713 1
3714 14
3715 1
3716 2
3717 1
3718 11
3719 11
3720 1
3721 1
3722 1
3723 3
3724 16
3725 15
3726 15
3727 17
3728 15
3729 3
3730 3
3731 11
3732 1
3733 16
3734 3
3735 15
3736 1
3737 1
3738 1
3739 5
3740 15
3741 11
3742 15
3743 3
3744 10
3745 7
3746 3
3747 11
3748 15
3749 1
3750 1
3751 12
3752 12
3753 15
3754 15
3755 15
3756 1
3757 1
3758 15
3759 15
3760 7
3761 15
3762 12
3763 11
3764 18
3765 1
3766 1
3767 15
3768 10
3769 10
3770 15
3771 1
3772 15
3773 16
3774 1
3775 1
3776 3
3777 6
3778 15
3779 1
3780 6
3781 5
3782 10
3783 14
3784 1
3785 11
3786 1
3787 1
3788 1
3789 1
3790 1
3791 14
3792 11
3793 1
3794 15
3795 7
3796 11
3797 1
3798 1
3799 15
3800 1
3801 1
3802 1
3803 7
3804 11
3805 3
3806 10
3807 1
3808 10
3809 7
3810 1
3811 15
3812 1
3813 1
3814 16
3815 1
3816 15
3817 12
3818 3
3819 1
3820 6
3821 1
3822 17
3823 17
3824 11
3825 15
3826 1
3827 15
3828 1
3829 1
3830 15
3831 15
3832 3
3833 15
3834 11
3835 11
3836 15
3837 15
3838 15
3839 3
3840 15
3841 15
3842 12
3843 15
3844 15
3845 7
3846 15
3847 14
3848 1
3849 15
3850 11
3851 11
3852 11
3853 12
3854 11
3855 7
3856 15
3857 1
3858 15
3859 1
3860 1
3861 14
3862 7
3863 15
3864 15
3865 16
3866 11
3867 11
3868 15
3869 11
3870 1
3871 10
3872 1
3873 15
3874 11
3875 6
3876 15
3877 1
3878 15
3879 1
3880 15
3881 1
3882 14
3883 1
3884 12
3885 1
3886 15
3887 1
3888 7
3889 7
3890 11
3891 15
3892 1
3893 15
3894 15
3895 1
3896 15
3897 16
3898 15
3899 12
3900 15
3901 11
3902 15
3903 15
3904 1
3905 15
3906 6
3907 16
3908 15
3909 14
3910 15
3911 15
3912 15
3913 7
3914 7
3915 15
3916 12
3917 7
3918 15
3919 15
3920 1
3921 11
3922 15
3923 11
3924 15
3925 15
3926 11
3927 1
3928 15
3929 13
3930 1
3931 15
3932 12
3933 12
3934 11
3935 1
3936 12
3937 15
3938 3
3939 15
3940 14
3941 11
3942 15
3943 11
3944 14
3945 15
3946 15
3947 1
3948 1
3949 15
3950 15
3951 14
3952 15
3953 1
3954 15
3955 12
3956 15
3957 15
3958 14
3959 16
3960 1
3961 1
3962 1
3963 15
3964 15
3965 16
3966 7
3967 15
3968 15
3969 14
3970 5
3971 11
3972 11
3973 15
3974 15
3975 11
3976 15
3977 7
3978 15
3979 7
3980 14
3981 15
3982 1
3983 1
3984 7
3985 11
3986 11
3987 7
3988 3
3989 15
3990 15
3991 15
3992 11
3993 7
3994 7
3995 11
3996 11
3997 11
3998 12
3999 15
4000 15
4001 7
4002 15
4003 5
4004 11
4005 1
4006 12
4007 13
4008 13
4009 1
4010 12
4011 14
4012 15
4013 5
4014 15
4015 15
4016 7
4017 15
4018 15
4019 15
4020 1
4021 15
4022 11
4023 14
4024 11
4025 14
4026 11
4027 1
4028 15
4029 1
4030 12
4031 11
4032 7
4033 16
4034 15
4035 14
4036 15
4037 11
4038 11
4039 14
4040 15
4041 16
4042 7
4043 14
4044 15
4045 15
4046 15
4047 15
4048 15
4049 14
4050 15
4051 7
4052 3
4053 12
4054 1
4055 15
4056 11
4057 11
4058 1
4059 12
4060 3
4061 7
4062 15
4063 16
4064 11
4065 15
4066 15
4067 6
4068 15
4069 11
4070 4
4071 14
4072 1
4073 15
4074 3
4075 1
4076 7
4077 15
4078 15
4079 11
4080 11
4081 11
4082 15
4083 15
4084 15
4085 3
4086 1
4087 11
4088 6
4089 15
4090 15
4091 15
4092 1
4093 11
4094 16
4095 1
4096 14
4097 6
4098 7
4099 1
4100 15
4101 14
4102 11
4103 12
4104 15
4105 15
4106 3
4107 15
4108 7
4109 7
4110 11
4111 12
4112 4
4113 1
4114 15
4115 15
4116 16
4117 14
4118 15
4119 1
4120 15
4121 1
4122 11
4123 11
4124 15
4125 15
4126 7
4127 4
4128 16
4129 15
4130 15
4131 15
4132 15
4133 15
4134 15
4135 11
4136 11
4137 15
4138 1
4139 11
4140 15
4141 15
4142 15
4143 15
4144 14
4145 5
4146 12
4147 15
4148 7
4149 6
4150 15
4151 11
4152 11
4153 3
4154 7
4155 1
4156 7
4157 13
4158 16
4159 15
4160 12
4161 11
4162 15
4163 1
4164 12
4165 11
4166 14
4167 11
4168 11
4169 15
4170 7
4171 15
4172 11
4173 14
4174 11
4175 5
4176 7
4177 15
4178 4
4179 11
4180 15
4181 7
4182 1
4183 4
4184 7
4185 11
4186 11
4187 14
4188 15
4189 17
4190 11
4191 12
4192 15
4193 7
4194 14
4195 11
4196 1
4197 15
4198 7
4199 15
4200 15
4201 1
4202 15
4203 15
4204 11
4205 1
4206 11
4207 6
4208 15
4209 11
4210 15
4211 15
4212 11
4213 11
4214 4
4215 1
4216 4
4217 11
4218 15
4219 15
4220 5
4221 6
4222 16
4223 15
4224 3
4225 1
4226 14
4227 7
4228 15
4229 4
4230 15
4231 15
4232 11
4233 15
4234 15
4235 11
4236 15
4237 15
4238 15
4239 11
4240 7
4241 14
4242 6
4243 14
4244 11
4245 13
4246 14
4247 15
4248 6
4249 11
4250 14
4251 5
4252 15
4253 11
4254 7
4255 11
4256 4
4257 15
4258 4
4259 12
4260 14
4261 15
4262 1
4263 3
4264 1
4265 15
4266 15
4267 11
4268 14
4269 1
4270 15
4271 15
4272 3
4273 11
4274 7
4275 11
4276 1
4277 14
4278 14
4279 3
4280 12
4281 1
4282 1
4283 1
4284 15
4285 15
4286 15
4287 14
4288 15
4289 15
4290 1
4291 15
4292 12
4293 3
4294 14
4295 1
4296 15
4297 1
4298 14
4299 1
4300 11
4301 11
4302 15
4303 15
4304 14
4305 7
4306 11
4307 15
4308 15
4309 11
4310 11
4311 15
4312 15
4313 15
4314 15
4315 15
4316 15
4317 15
4318 15
4319 15
4320 4
4321 11
4322 16
4323 11
4324 14
4325 12
4326 1
4327 15
4328 15
4329 15
4330 11
4331 15
4332 15
4333 7
4334 15
4335 13
4336 11
4337 15
4338 1
4339 1
4340 11
4341 5
4342 15
4343 15
4344 3
4345 10
4346 10
4347 15
4348 15
4349 11
4350 11
4351 1
4352 7
4353 15
4354 11
4355 15
4356 1
4357 7
4358 15
4359 12
4360 1
4361 15
4362 15
4363 11
4364 15
4365 15
4366 15
4367 15
4368 15
4369 15
4370 17
4371 3
4372 15
4373 15
4374 11
4375 15
4376 11
4377 11
4378 15
4379 15
4380 15
4381 12
4382 15
4383 15
4384 1
4385 15
4386 11
4387 3
4388 15
4389 13
4390 15
4391 7
4392 15
4393 15
4394 15
4395 1
4396 11
4397 11
4398 1
4399 15
4400 1
4401 15
4402 15
4403 1
4404 15
4405 15
4406 7
4407 1
4408 15
4409 7
4410 15
4411 15
4412 14
4413 14
4414 15
4415 1
4416 15
4417 7
4418 15
4419 11
4420 7
4421 15
4422 15
4423 15
4424 12
4425 11
4426 15
4427 11
4428 1
4429 7
4430 15
4431 15
4432 15
4433 15
4434 11
4435 4
4436 7
4437 1
4438 11
4439 15
4440 15
4441 7
4442 15
4443 1
4444 1
4445 15
4446 7
4447 15
4448 11
4449 1
4450 3
4451 15
4452 1
4453 13
4454 1
4455 15
4456 15
4457 15
4458 11
4459 15
4460 15
4461 15
4462 5
4463 15
4464 15
4465 15
4466 15
4467 11
4468 1
4469 1
4470 15
4471 11
4472 13
4473 7
4474 15
4475 15
4476 15
4477 15
4478 12
4479 6
4480 15
4481 15
4482 11
4483 15
4484 15
4485 3
4486 15
4487 15
4488 3
4489 15
4490 15
4491 7
4492 15
4493 15
4494 1
4495 15
4496 15
4497 4
4498 6
4499 11
4500 7
4501 1
4502 16
4503 7
4504 15
4505 15
4506 11
4507 1
4508 15
4509 15
4510 1
4511 15
4512 15
4513 11
4514 15
4515 11
4516 7
4517 15
4518 15
4519 15
4520 15
4521 1
4522 15
4523 11
4524 12
4525 11
4526 15
4527 15
4528 15
4529 7
4530 11
4531 15
4532 4
4533 1
4534 7
4535 15
4536 15
4537 11
4538 1
4539 1
4540 12
4541 11
4542 11
4543 15
4544 17
4545 15
4546 1
4547 7
4548 15
4549 15
4550 11
4551 5
4552 15
4553 3
4554 11
4555 15
4556 4
4557 1
4558 15
4559 15
4560 16
4561 4
4562 7
4563 15
4564 1
4565 15
4566 11
4567 15
4568 14
4569 1
4570 14
4571 17
4572 15
4573 15
4574 10
4575 1
4576 11
4577 7
4578 1
4579 4
4580 15
4581 1
4582 15
4583 1
4584 15
4585 15
4586 11
4587 15
4588 11
4589 1
4590 1
4591 17
4592 11
4593 1
4594 14
4595 2
4596 15
4597 15
4598 11
4599 11
4600 15
4601 5
4602 14
4603 16
4604 4
4605 12
4606 14
4607 14
4608 12
4609 15
4610 11
4611 15
4612 15
4613 12
4614 12
4615 15
4616 11
4617 14
4618 7
4619 11
4620 7
4621 11
4622 12
4623 1
4624 15
4625 11
4626 15
4627 13
4628 11
4629 15
4630 15
4631 1
4632 15
4633 5
4634 1
4635 5
4636 11
4637 14
4638 11
4639 15
4640 4
4641 15
4642 15
4643 3
4644 12
4645 3
4646 11
4647 15
4648 11
4649 3
4650 15
4651 16
4652 0
4653 1
4654 17
4655 7
4656 11
4657 7
4658 15
4659 15
4660 11
4661 7
4662 3
4663 16
4664 1
4665 15
4666 1
4667 15
4668 13
4669 1
4670 3
4671 15
4672 11
4673 15
4674 7
4675 1
4676 12
4677 15
4678 1
4679 1
4680 1
4681 15
4682 11
4683 10
4684 11
4685 15
4686 15
4687 15
4688 7
4689 1
4690 15
4691 6
4692 15
4693 15
4694 14
4695 11
4696 15
4697 15
4698 15
4699 15
4700 15
4701 1
4702 1
4703 7
4704 11
4705 15
4706 3
4707 3
4708 4
4709 15
4710 15
4711 15
4712 15
4713 15
4714 11
4715 14
4716 14
4717 7
4718 15
4719 7
4720 15
4721 11
4722 17
4723 7
4724 15
4725 5
4726 15
4727 7
4728 11
4729 12
4730 3
4731 3
4732 11
4733 1
4734 15
4735 3
4736 15
4737 10
4738 1
4739 15
4740 12
4741 14
4742 15
4743 1
4744 15
4745 15
4746 11
4747 5
4748 17
4749 3
4750 15
4751 15
4752 15
4753 7
4754 1
4755 15
4756 15
4757 15
4758 11
4759 15
4760 11
4761 1
4762 15
4763 12
4764 1
4765 6
4766 15
4767 1
4768 15
4769 15
4770 15
4771 5
4772 12
4773 15
4774 15
4775 12
4776 1
4777 15
4778 15
4779 7
4780 5
4781 5
4782 15
4783 15
4784 7
4785 15
4786 12
4787 1
4788 15
4789 15
4790 12
4791 11
4792 11
4793 12
4794 15
4795 5
4796 5
4797 1
4798 15
4799 15
4800 15
4801 3
4802 3
4803 15
4804 7
4805 15
4806 7
4807 6
4808 11
4809 3
4810 15
4811 15
4812 15
4813 15
4814 15
4815 15
4816 15
4817 11
4818 5
4819 7
4820 7
4821 15
4822 7
4823 15
4824 12
4825 1
4826 15
4827 15
4828 15
4829 7
4830 1
4831 15
4832 1
4833 12
4834 4
4835 15
4836 12
4837 15
4838 3
4839 3
4840 15
4841 5
4842 15
4843 15
4844 4
4845 15
4846 3
4847 15
4848 11
4849 15
4850 15
4851 15
4852 11
4853 15
4854 15
4855 8
4856 3
4857 15
4858 3
4859 15
4860 11
4861 1
4862 15
4863 15
4864 6
4865 15
4866 15
4867 15
4868 1
4869 15
4870 1
4871 15
4872 15
4873 15
4874 15
4875 14
4876 15
4877 15
4878 15
4879 15
4880 15
4881 15
4882 3
4883 15
4884 15
4885 15
4886 15
4887 15
4888 7
4889 15
4890 15
4891 15
4892 15
4893 1
4894 1
4895 5
4896 11
4897 3
4898 1
4899 15
4900 5
4901 15
4902 15
4903 15
4904 15
4905 15
4906 15
4907 3
4908 15
4909 11
4910 15
4911 15
4912 15
4913 11
4914 15
4915 15
4916 15
4917 15
4918 15
4919 7
4920 15
4921 12
4922 15
4923 15
4924 15
4925 15
4926 15
4927 7
4928 15
4929 15
4930 10
4931 15
4932 15
4933 7
4934 15
4935 7
4936 15
4937 15
4938 15
4939 15
4940 15
4941 15
4942 15
4943 15
4944 15
4945 15
4946 7
4947 15
4948 11
4949 15
4950 15
4951 15
4952 14
4953 15
4954 15
4955 15
4956 15
4957 15
4958 15
4959 15
4960 15
4961 15
4962 15
4963 15
4964 15
4965 7
4966 15
4967 5
4968 1
4969 1
4970 1
4971 15
4972 11
4973 1
4974 12
4975 7
4976 1
4977 1
4978 15
4979 5
4980 15
4981 15
4982 3
4983 15
4984 1
4985 11
4986 15
4987 15
4988 11
4989 11
4990 15
4991 14
4992 15
4993 15
4994 7
4995 12
4996 11
4997 15
4998 5
4999 11
5000 15
5001 15
5002 15
5003 11
5004 15
5005 11
5006 7
5007 15
5008 15
5009 15
5010 15
5011 5
5012 11
5013 14
5014 15
5015 3
5016 15
5017 6
5018 3
5019 5
5020 5
5021 11
5022 15
5023 15
5024 15
5025 15
5026 11
5027 15
5028 15
5029 7
5030 15
5031 15
5032 15
5033 15
5034 15
5035 17
5036 11
5037 6
5038 12
5039 15
5040 15
5041 15
5042 15
5043 15
5044 15
5045 15
5046 15
5047 12
5048 15
5049 4
5050 7
5051 15
5052 15
5053 11
5054 4
5055 15
5056 15
5057 15
5058 15
5059 15
5060 1
5061 7
5062 1
5063 15
5064 14
5065 15
5066 15
5067 15
5068 7
5069 15
5070 7
5071 15
5072 14
5073 11
5074 7
5075 7
5076 7
5077 15
5078 15
5079 15
5080 15
5081 15
5082 11
5083 15
5084 15
5085 15
5086 2
5087 15
5088 15
5089 3
5090 15
5091 15
5092 11
5093 15
5094 15
5095 15
5096 1
5097 15
5098 15
5099 14
5100 15
5101 6
5102 1
5103 11
5104 3
5105 15
5106 4
5107 15
5108 15
5109 5
5110 14
5111 3
5112 6
5113 15
5114 15
5115 3
5116 14
5117 2
5118 15
5119 15
5120 1
5121 1
5122 15
5123 11
5124 15
5125 15
5126 15
5127 12
5128 11
5129 15
5130 7
5131 4
5132 7
5133 6
5134 15
5135 6
5136 15
5137 14
5138 11
5139 16
5140 15
5141 14
5142 11
5143 11
5144 11
5145 15
5146 15
5147 11
5148 15
5149 14
5150 15
5151 11
5152 7
5153 15
5154 15
5155 3
5156 4
5157 15
5158 7
5159 1
5160 15
5161 15
5162 15
5163 1
5164 11
5165 14
5166 6
5167 1
5168 11
5169 15
5170 15
5171 15
5172 12
5173 12
5174 15
5175 7
5176 12
5177 7
5178 7
5179 15
5180 12
5181 15
5182 15
5183 15
5184 15
5185 17
5186 15
5187 15
5188 15
5189 1
5190 7
5191 15
5192 15
5193 15
5194 15
5195 15
5196 15
5197 14
5198 15
5199 15
5200 15
5201 15
5202 17
5203 15
5204 15
5205 15
5206 15
5207 15
5208 15
5209 15
5210 15
5211 15
5212 15
5213 15
5214 15
5215 14
5216 15
5217 15
5218 15
5219 15
5220 15
5221 15
5222 15
5223 15
5224 7
5225 15
5226 4
5227 15
5228 11
5229 15
5230 15
5231 15
5232 15
5233 3
5234 15
5235 15
5236 15
5237 15
5238 15
5239 15
5240 15
5241 15
5242 15
5243 7
5244 15
5245 12
5246 15
5247 7
5248 3
5249 15
5250 12
5251 5
5252 15
5253 15
5254 15
5255 15
5256 15
5257 15
5258 3
5259 15
5260 15
5261 15
5262 11
5263 5
5264 15
5265 15
5266 15
5267 15
5268 15
5269 15
5270 5
5271 15
5272 15
5273 15
5274 3
5275 12
5276 15
5277 15
5278 15
5279 12
5280 15
5281 15
5282 15
5283 15
5284 15
5285 15
5286 12
5287 15
5288 15
5289 15
5290 15
5291 14
5292 15
5293 6
5294 11
5295 1
5296 15
5297 17
5298 15
5299 15
5300 7
5301 15
5302 15
5303 15
5304 15
5305 3
5306 3
5307 1
5308 3
5309 15
5310 15
5311 15
5312 15
5313 1
5314 15
5315 15
5316 7
5317 15
5318 15
5319 11
5320 15
5321 15
5322 15
5323 5
5324 14
5325 11
5326 15
5327 15
5328 15
5329 14
5330 15
5331 15
5332 15
5333 11
5334 15
5335 15
5336 3
5337 15
5338 1
5339 15
5340 15
5341 15
5342 1
5343 15
5344 15
5345 15
5346 12
5347 15
5348 15
5349 15
5350 15
5351 1
5352 1
5353 15
5354 11
5355 15
5356 7
5357 7
5358 14
5359 7
5360 15
5361 15
5362 15
5363 15
5364 15
5365 15
5366 15
5367 15
5368 15
5369 15
5370 15
5371 15
5372 7
5373 15
5374 17
5375 12
5376 15
5377 1
5378 15
5379 15
5380 15
5381 15
5382 6
5383 15
5384 15
5385 3
5386 15
5387 1
5388 15
5389 15
5390 11
5391 3
5392 15
5393 15
5394 15
5395 11
5396 15
5397 15
5398 15
5399 15
5400 15
5401 15
5402 15
5403 17
5404 3
5405 1
5406 15
5407 15
5408 15
5409 12
5410 3
5411 15
5412 15
5413 15
5414 15
5415 15
5416 15
5417 15
5418 15
5419 15
5420 6
5421 15
5422 15
5423 15
5424 14
5425 11
5426 15
5427 15
5428 3
5429 15
5430 15
5431 1
5432 15
5433 15
5434 7
5435 15
5436 15
5437 15
5438 15
5439 14
5440 14
5441 15
5442 3
5443 15
5444 12
5445 11
5446 15
5447 15
5448 15
5449 12
5450 1
5451 15
5452 15
5453 12
5454 15
5455 3
5456 15
5457 3
5458 15
5459 15
5460 15
5461 15
5462 15
5463 12
5464 12
5465 7
5466 5
5467 15
5468 15
5469 11
5470 3
5471 15
5472 15
5473 1
5474 18
5475 15
5476 14
5477 15
5478 15
5479 11
5480 15
5481 5
5482 15
5483 15
5484 15
5485 15
5486 15
5487 10
5488 14
5489 15
5490 15
5491 15
5492 3
5493 15
5494 15
5495 12
5496 15
5497 15
5498 15
5499 15
5500 15
5501 7
5502 15
5503 3
5504 15
5505 15
5506 6
5507 14
5508 15
5509 15
5510 15
5511 15
5512 15
5513 15
5514 3
5515 15
5516 12
5517 1
5518 1
5519 15
5520 15
5521 3
5522 15
5523 15
5524 15
5525 15
5526 1
5527 7
5528 11
5529 15
5530 14
5531 15
5532 15
5533 15
5534 15
5535 15
5536 14
5537 15
5538 15
5539 15
5540 1
5541 15
5542 15
5543 15
5544 15
5545 17
5546 15
5547 1
5548 7
5549 15
5550 15
5551 1
5552 6
5553 15
5554 15
5555 15
5556 15
5557 15
5558 15
5559 15
5560 15
5561 15
5562 11
5563 15
5564 15
5565 15
5566 15
5567 15
5568 15
5569 15
5570 15
5571 15
5572 15
5573 15
5574 15
5575 15
5576 15
5577 15
5578 15
5579 15
5580 15
5581 14
5582 12
5583 15
5584 15
5585 15
5586 15
5587 15
5588 7
5589 15
5590 11
5591 15
5592 15
5593 14
5594 7
5595 5
5596 15
5597 15
5598 15
5599 15
5600 15
5601 15
5602 1
5603 15
5604 15
5605 15
5606 15
5607 15
5608 14
5609 15
5610 15
5611 15
5612 15
5613 15
5614 15
5615 3
5616 15
5617 7
5618 15
5619 15
5620 15
5621 15
5622 11
5623 17
5624 15
5625 14
5626 15
5627 14
5628 15
5629 15
5630 15
5631 11
5632 15
5633 15
5634 15
5635 15
5636 15
5637 15
5638 15
5639 1
5640 15
5641 15
5642 15
5643 3
5644 15
5645 15
5646 15
5647 15
5648 11
5649 3
5650 15
5651 15
5652 15
5653 17
5654 15
5655 12
5656 15
5657 15
5658 15
5659 15
5660 18
5661 15
5662 15
5663 1
5664 11
5665 15
5666 18
5667 1
5668 1
5669 15
5670 15
5671 15
5672 15
5673 1
5674 15
5675 15
5676 15
5677 14
5678 15
5679 12
5680 15
5681 15
5682 3
5683 15
5684 15
5685 5
5686 15
5687 15
5688 1
5689 15
5690 15
5691 15
5692 15
5693 15
5694 15
5695 15
5696 15
5697 17
5698 15
5699 15
5700 15
5701 15
5702 15
5703 15
5704 15
5705 15
5706 15
5707 15
5708 7
5709 6
5710 15
5711 1
5712 15
5713 5
5714 3
5715 1
5716 15
5717 7
5718 3
5719 15
5720 14
5721 17
5722 7
5723 7
5724 15
5725 15
5726 5
5727 11
5728 3
5729 3
5730 15
5731 14
5732 15
5733 11
5734 15
5735 15
5736 15
5737 15
5738 15
5739 18
5740 7
5741 3
5742 15
5743 15
5744 11
5745 15
5746 15
5747 15
5748 15
5749 15
5750 15
5751 15
5752 15
5753 15
5754 15
5755 15
5756 15
5757 15
5758 15
5759 15
5760 15
5761 15
5762 14
5763 1
5764 15
5765 15
5766 4
5767 11
5768 15
5769 15
5770 15
5771 15
5772 15
5773 12
5774 15
5775 15
5776 11
5777 15
5778 14
5779 11
5780 15
5781 15
5782 6
5783 15
5784 5
5785 15
5786 15
5787 15
5788 15
5789 15
5790 15
5791 15
5792 11
5793 15
5794 14
5795 15
5796 15
5797 15
5798 15
5799 15
5800 15
5801 15
5802 5
5803 15
5804 15
5805 11
5806 15
5807 15
5808 7
5809 15
5810 15
5811 7
5812 11
5813 15
5814 15
5815 6
5816 15
5817 15
5818 15
5819 6
5820 14
5821 15
5822 11
5823 15
5824 5
5825 15
5826 15
5827 15
5828 14
5829 17
5830 14
5831 15
5832 12
5833 15
5834 15
5835 5
5836 15
5837 15
5838 15
5839 15
5840 15
5841 15
5842 15
5843 15
5844 15
5845 6
5846 6
5847 15
5848 15
5849 14
5850 11
5851 11
5852 17
5853 15
5854 15
5855 15
5856 15
5857 15
5858 15
5859 11
5860 18
5861 7
5862 15
5863 17
5864 15
5865 15
5866 14
5867 11
5868 15
5869 15
5870 15
5871 15
5872 15
5873 14
5874 15
5875 1
5876 15
5877 12
5878 14
5879 5
5880 15
5881 3
5882 15
5883 15
5884 5
5885 15
5886 11
5887 15
5888 15
5889 15
5890 15
5891 15
5892 15
5893 1
5894 15
5895 15
5896 12
5897 15
5898 15
5899 14
5900 11
5901 1
5902 1
5903 15
5904 15
5905 15
5906 15
5907 14
5908 15
5909 15
5910 15
5911 17
5912 15
5913 15
5914 15
5915 15
5916 15
5917 15
5918 6
5919 15
5920 15
5921 1
5922 15
5923 15
5924 15
5925 11
5926 15
5927 15
5928 15
5929 15
5930 15
5931 15
5932 14
5933 15
5934 7
5935 15
5936 15
5937 15
5938 15
5939 7
5940 15
5941 15
5942 15
5943 15
5944 15
5945 15
5946 15
5947 1
5948 15
5949 15
5950 3
5951 15
5952 15
5953 15
5954 15
5955 15
5956 15
5957 15
5958 7
5959 15
5960 15
5961 15
5962 15
5963 15
5964 7
5965 1
5966 15
5967 15
5968 17
5969 12
5970 1
5971 15
5972 15
5973 15
5974 1
5975 12
5976 15
5977 15
5978 7
5979 15
5980 11
5981 12
5982 15
5983 14
5984 12
5985 15
5986 14
5987 15
5988 15
5989 15
5990 15
5991 15
5992 15
5993 14
5994 14
5995 15
5996 15
5997 15
5998 7
5999 15
6000 15
6001 5
6002 15
6003 15
6004 15
6005 11
6006 15
6007 15
6008 15
6009 15
6010 15
6011 17
6012 15
6013 15
6014 15
6015 15
6016 14
6017 15
6018 14
6019 15
6020 15
6021 15
6022 15
6023 15
6024 15
6025 14
6026 17
6027 17
6028 15
6029 15
6030 15
6031 15
6032 15
6033 14
6034 15
6035 6
6036 7
6037 12
6038 15
6039 3
6040 15
6041 15
6042 15
6043 14
6044 3
6045 15
6046 15
6047 3
6048 5
6049 14
6050 15
6051 15
6052 15
6053 15
6054 15
6055 15
6056 15
6057 15
6058 15
6059 15
6060 11
6061 1
6062 15
6063 7
6064 7
6065 3
6066 12
6067 11
6068 15
6069 15
6070 15
6071 15
6072 15
6073 15
6074 6
6075 15
6076 3
6077 15
6078 15
6079 15
6080 15
6081 12
6082 1
6083 3
6084 15
6085 15
6086 12
6087 15
6088 15
6089 17
6090 7
6091 15
6092 11
6093 15
6094 1
6095 15
6096 7
6097 15
6098 15
6099 15
6100 15
6101 1
6102 15
6103 15
6104 15
6105 15
6106 15
6107 14
6108 15
6109 11
6110 15
6111 6
6112 11
6113 7
6114 7
6115 14
6116 16
6117 7
6118 14
6119 15
6120 15
6121 14
6122 14
6123 15
6124 15
6125 15
6126 15
6127 15
6128 15
6129 15
6130 15
6131 14
6132 11
6133 3
6134 15
6135 12
6136 6
6137 15
6138 15
6139 15
6140 1
6141 15
6142 15
6143 15
6144 15
6145 15
6146 15
6147 14
6148 5
6149 6
6150 15
6151 15
6152 15
6153 15
6154 14
6155 15
6156 6
6157 15
6158 15
6159 14
6160 15
6161 15
6162 15
6163 16
6164 15
6165 11
6166 3
6167 14
6168 15
6169 15
6170 15
6171 1
6172 15
6173 6
6174 14
6175 15
6176 15
6177 1
6178 15
6179 4
6180 15
6181 7
6182 15
6183 15
6184 17
6185 7
6186 15
6187 15
6188 3
6189 6
6190 15
6191 15
6192 14
6193 15
6194 15
6195 15
6196 15
6197 15
6198 15
6199 15
6200 17
6201 15
6202 15
6203 15
6204 15
6205 15
6206 15
6207 15
6208 15
6209 7
6210 11
6211 14
6212 15
6213 15
6214 15
6215 15
6216 15
6217 14
6218 14
6219 15
6220 15
6221 15
6222 15
6223 15
6224 15
6225 15
6226 15
6227 15
6228 7
6229 15
6230 15
6231 15
6232 15
6233 15
6234 15
6235 7
6236 14
6237 7
6238 15
6239 7
6240 15
6241 15
6242 15
6243 15
6244 15
6245 5
6246 15
6247 15
6248 15
6249 15
6250 15
6251 5
6252 1
6253 17
6254 11
6255 15
6256 11
6257 15
6258 15
6259 15
6260 15
6261 15
6262 15
6263 15
6264 15
6265 15
6266 15
6267 15
6268 15
6269 15
6270 15
6271 15
6272 3
6273 15
6274 15
6275 15
6276 15
6277 15
6278 1
6279 15
6280 15
6281 15
6282 15
6283 15
6284 17
6285 17
6286 15
6287 15
6288 1
6289 15
6290 14
6291 15
6292 15
6293 15
6294 13
6295 15
6296 15
6297 15
6298 15
6299 15
6300 15
6301 15
6302 1
6303 15
6304 12
6305 15
6306 15
6307 14
6308 15
6309 7
6310 15
6311 15
6312 15
6313 15
6314 15
6315 14
6316 15
6317 15
6318 15
6319 15
6320 15
6321 15
6322 7
6323 7
6324 15
6325 5
6326 15
6327 1
6328 15
6329 15
6330 14
6331 15
6332 14
6333 15
6334 15
6335 14
6336 15
6337 15
6338 15
6339 15
6340 5
6341 5
6342 3
6343 15
6344 15
6345 15
6346 15
6347 15
6348 15
6349 15
6350 5
6351 15
6352 15
6353 15
6354 15
6355 7
6356 15
6357 15
6358 15
6359 7
6360 13
6361 15
6362 17
6363 15
6364 7
6365 14
6366 1
6367 15
6368 15
6369 1
6370 15
6371 15
6372 15
6373 15
6374 15
6375 15
6376 15
6377 15
6378 15
6379 15
6380 15
6381 15
6382 15
6383 14
6384 15
6385 15
6386 15
6387 12
6388 7
6389 15
6390 15
6391 3
6392 15
6393 17
6394 15
6395 15
6396 15
6397 15
6398 15
6399 15
6400 15
6401 11
6402 15
6403 15
6404 15
6405 15
6406 15
6407 15
6408 15
6409 15
6410 15
6411 14
6412 15
6413 15
6414 15
6415 14
6416 15
6417 15
6418 15
6419 15
6420 15
6421 6
6422 7
6423 15
6424 15
6425 15
6426 15
6427 7
6428 15
6429 1
6430 15
6431 15
6432 15
6433 15
6434 15
6435 3
6436 15
6437 15
6438 6
6439 1
6440 17
6441 15
6442 6
6443 15
6444 15
6445 6
6446 1
6447 2
6448 6
6449 14
6450 15
6451 15
6452 17
6453 14
6454 15
6455 1
6456 15
6457 15
6458 15
6459 15
6460 15
6461 15
6462 15
6463 15
6464 14
6465 15
6466 15
6467 15
6468 15
6469 1
6470 15
6471 15
6472 15
6473 15
6474 15
6475 7
6476 14
6477 17
6478 7
6479 15
6480 15
6481 15
6482 15
6483 15
6484 14
6485 15
6486 15
6487 15
6488 15
6489 15
6490 15
6491 15
6492 15
6493 15
6494 15
6495 15
6496 15
6497 3
6498 15
6499 15
6500 1
6501 17
6502 15
6503 11
6504 15
6505 15
6506 15
6507 15
6508 15
6509 15
6510 15
6511 1
6512 1
6513 6
6514 11
6515 1
6516 15
6517 15
6518 15
6519 17
6520 15
6521 15
6522 15
6523 12
6524 15
6525 15
6526 13
6527 15
6528 15
6529 15
6530 15
6531 15
6532 15
6533 15
6534 15
6535 15
6536 11
6537 15
6538 11
6539 15
6540 15
6541 15
6542 6
6543 15
6544 15
